25509:
  weight_factor.LIF_exc.l4_i: 1.773983652063441
  weight_factor.LIF_inh.l4_i: 0.9855411668587117
  weight_factor.Nr5a1.l4_i: 1.8472615577169686
  weight_factor.PV1.l4_i: 4.141428577385967
  weight_factor.PV2.l4_i: 3.94277791047557
  weight_factor.Rorb.l4_i: 3.0678520934793676
  weight_factor.Scnn1a.l4_i: 1.2078319944297002
  weight_factor.LIF_exc.l4_e: 0.8589246494269964
  weight_factor.LIF_inh.l4_e: 0.9340683564053202
  weight_factor.Nr5a1.l4_e: 0.7767998260748674
  weight_factor.PV1.l4_e: 1.1386633326323394
  weight_factor.PV2.l4_e: 1.1915056918490312
  weight_factor.Rorb.l4_e: 1.188001093089295
  weight_factor.Scnn1a.l4_e: 0.4913975095295392
19546:
  weight_factor.LIF_exc.l4_i: 1.3195965958060234
  weight_factor.LIF_inh.l4_i: 0.9959475082687838
  weight_factor.Nr5a1.l4_i: 2.027595923525269
  weight_factor.PV1.l4_i: 4.193147624118212
  weight_factor.PV2.l4_i: 3.686596313969823
  weight_factor.Rorb.l4_i: 2.7556101352521862
  weight_factor.Scnn1a.l4_i: 1.4332818096959332
  weight_factor.LIF_exc.l4_e: 0.4676903881314888
  weight_factor.LIF_inh.l4_e: 1.0018060145170058
  weight_factor.Nr5a1.l4_e: 0.8168279036089587
  weight_factor.PV1.l4_e: 1.2285193300261457
  weight_factor.PV2.l4_e: 0.996243678944858
  weight_factor.Rorb.l4_e: 1.058551252408222
  weight_factor.Scnn1a.l4_e: 0.6277394065782929
10955:
  weight_factor.LIF_exc.l4_i: 1.8135976392315571
  weight_factor.LIF_inh.l4_i: 0.9349698460261596
  weight_factor.Nr5a1.l4_i: 1.5763553625242155
  weight_factor.PV1.l4_i: 4.225541519754311
  weight_factor.PV2.l4_i: 4.793211140102926
  weight_factor.Rorb.l4_i: 1.8812124438064826
  weight_factor.Scnn1a.l4_i: 1.6505556388344165
  weight_factor.LIF_exc.l4_e: 0.9793663984960319
  weight_factor.LIF_inh.l4_e: 0.9817486881817684
  weight_factor.Nr5a1.l4_e: 0.5780329533618646
  weight_factor.PV1.l4_e: 1.2086060085326222
  weight_factor.PV2.l4_e: 1.3928001621177097
  weight_factor.Rorb.l4_e: 0.5451343540362938
  weight_factor.Scnn1a.l4_e: 0.6115888885819218
10987:
  weight_factor.LIF_exc.l4_i: 2.257539799892247
  weight_factor.LIF_inh.l4_i: 1.0455785706449907
  weight_factor.Nr5a1.l4_i: 1.1379951547293017
  weight_factor.PV1.l4_i: 3.817335916336336
  weight_factor.PV2.l4_i: 4.556290932871965
  weight_factor.Rorb.l4_i: 1.548543332238872
  weight_factor.Scnn1a.l4_i: 1.2519843642991035
  weight_factor.LIF_exc.l4_e: 1.1162948771030008
  weight_factor.LIF_inh.l4_e: 0.8889528964174186
  weight_factor.Nr5a1.l4_e: 0.3017176893994229
  weight_factor.PV1.l4_e: 0.836046401140234
  weight_factor.PV2.l4_e: 1.4657412448594918
  weight_factor.Rorb.l4_e: 0.43954307170122503
  weight_factor.Scnn1a.l4_e: 0.47462763940861946
4215:
  weight_factor.LIF_exc.l4_i: 1.2215416615633539
  weight_factor.LIF_inh.l4_i: 0.8704920093449919
  weight_factor.Nr5a1.l4_i: 2.752830367506948
  weight_factor.PV1.l4_i: 1.417388469457973
  weight_factor.PV2.l4_i: 1.346084136665141
  weight_factor.Rorb.l4_i: 4.290829608223418
  weight_factor.Scnn1a.l4_i: 4.6069944773673335
  weight_factor.LIF_exc.l4_e: 0.758335322738888
  weight_factor.LIF_inh.l4_e: 1.1935322683670075
  weight_factor.Nr5a1.l4_e: 0.4102706304651741
  weight_factor.PV1.l4_e: 0.7445992146410159
  weight_factor.PV2.l4_e: 0.7224879603265644
  weight_factor.Rorb.l4_e: 1.0637137100713443
  weight_factor.Scnn1a.l4_e: 1.5675906962766644
